tree
version=v4
num_class=1
num_tree_per_iteration=1
label_index=0
max_feature_idx=56
objective=binary sigmoid:1
feature_names=age alcohol_abuse_history alcohol_binge_frequency alcohol_drinks_per_occasion alcohol_frequency_12mo alcohol_frequency_3mo anxiety arthritis_any bmi bowel_incontinence bp_diastolic bp_diastolic_avg bp_systolic bp_systolic_avg cancer_recent chronic_kidney_disease copd_asthma_combined depression education_level education_years ethnicity_hispanic hearing_normal_1yes height_in hyperlipidemia hypertension independence_level living_situation major_depressive_disorder marital_status migraine_chronic_headache obesity_bmi30plus osteoarthritis parkinsonism_pd peripheral_vascular_disease physical_activity_hrs_wk race residence_type rheumatoid_arthritis seizures_epilepsy sex sleep_apnea sleep_apnea_clinician smoking_current_30days smoking_ever_100cigs smoking_packs_per_day_category smoking_quit_age smoking_status_derived smoking_years stroke thyroid_disease traumatic_brain_injury type_2_diabetes urinary_incontinence vision_normal_1yes vitamin_b12_deficiency weight_lb cognitive_status
feature_infos=[18:109] -1:0:3:2 -1:1:3:4 -1:2:0:3 -1:3:0:5:1:2 -1:5:6:0:3:2:1:4 -1:1:0:2:3 -1:1:2:0 [10.699999999999999:68.599999999999994] -1:0:1:2 [30:140] none [70:229] none -1:0:1:2 -1:1:0 -1:1:0 -1:1:2:0 -1:0:4:6:2:1:3 [0:29] -1:1:2 -1:2:1:0 [46:81.299999999999997] -1:0:2:3:1 -1:0:2:3 -1:0:5:4:1:3 -1:3:0:2:1:5 -1:1:0 -1:2:7:0:4:1:6 -1:1:0:3 -1:1:2:0 -1:0:3:2:1 -1:0:2 -1:1:0 -1:2:3:0 -1:6:2:1:5:0:3 -1:3:4:2:0 -1:0:1:2 -1:0:3:2 -1:0:1 -1:1:0:2 -1:0:1:2 -1:2:1:3:0 -1:1:2:0 -1:6:4:0:1:3:5:2 [9:100] -1:3:1:0:2 [0:80] -1:0:3:2 -1:0:2:3 -1:1:2:0 -1:0:2:3 -1:0:1:2 -1:1:2:0 -1:0:2:1:3 [66:400] -1:4:2:0:1
tree_sizes=3182 3270 3248 3242 3316 3281 3301 3279 3261 3296 3294 3268 3300 3356

Tree=0
num_leaves=31
num_cat=13
split_feature=0 25 25 0 0 14 0 14 32 37 37 17 30 32 38 52 8 0 0 51 19 8 55 55 10 55 47 47 10 19
split_gain=375.579 107.513 85.2505 69.9652 69.8325 60.2991 42.5491 36.7244 34.5356 29.2022 28.1607 26.3904 26.7976 25.0742 15.727 13.7497 13.7183 18.9783 12.8593 11.7828 11.0262 19.0471 11.313 9.00992 8.32865 7.85249 7.80816 7.37781 7.80727 7.5018
threshold=76.500000000000014 0 1 70.500000000000014 68.500000000000014 2 89.500000000000014 3 4 5 6 7 8 9 10 11 24.350000000000005 84.500000000000014 67.500000000000014 12 16.500000000000004 26.550000000000004 207.50000000000003 158.50000000000003 83.500000000000014 176.50000000000003 44.500000000000007 18.500000000000004 82.500000000000014 17.500000000000004
decision_type=2 9 9 2 2 1 2 1 9 9 9 1 1 9 9 1 2 2 2 9 2 2 2 2 2 2 2 2 2 2
left_child=1 4 13 7 15 6 11 -3 10 20 25 14 -13 16 -4 27 -2 24 -9 -20 21 -5 -22 -12 -18 -6 -7 29 -29 -1
right_child=2 3 5 9 8 26 -8 18 -10 -11 23 12 -14 -15 -16 -17 17 -19 19 -21 22 -23 -24 -25 -26 -27 -28 28 -30 -31
leaf_value=-1.7779815316690049 -1.6725738480731522 -1.9111297577723732 -1.7202364991586299 -1.8283707047571904 -1.7653470656175985 -1.8744441323525258 -1.7587706534268868 -1.8939133711303793 -1.9071942845083814 -1.8883096132382089 -1.7635367999592795 -1.7839710177820112 -1.8599951698728032 -1.8747926646555897 -1.8435741705498128 -1.901880477444956 -1.7936628107630375 -1.6789819940985087 -1.880327413735529 -1.8310926023307159 -1.8814589702853231 -1.8668443481127799 -1.8215777169039131 -1.8609549584580338 -1.6909337585271105 -1.7048180218067488 -1.7980184427806116 -1.8507834461896646 -1.9074369788583281 -1.8826348366010752
leaf_weight=5.5505576133728018 10.060385674238203 324.93889361619949 2.5440055727958679 54.811756432056427 14.917123585939409 101.76022291183472 20.81459105014801 325.05453023314476 5.088011145591735 154.25924700498581 3.2378252744674674 44.173187673091888 15.957853138446806 2.8909154236316672 197.62297835946083 20.930227667093277 13.992030650377279 7.5163801014423361 97.597304701805115 13.760757416486738 69.150696933269501 78.517262905836105 8.7883828878402692 8.7883828878402692 2.4283689558506003 10.407295525074003 3.3534618914127341 29.487337321043015 7.5163801014423361 2.3127323389053345
leaf_count=48 87 2810 22 474 129 880 180 2811 44 1334 28 382 138 25 1709 181 121 65 844 119 598 679 76 76 21 90 29 255 65 20
internal_value=-1.87113 -1.88506 -1.83048 -1.88959 -1.83916 -1.84042 -1.82755 -1.89839 -1.7863 -1.87176 -1.76965 -1.83311 -1.80401 -1.76408 -1.84191 -1.86859 -1.72323 -1.74546 -1.88889 -1.87417 -1.8597 -1.85097 -1.87459 -1.83365 -1.77717 -1.73972 -1.87189 -1.85292 -1.86249 -1.80915
internal_weight=1658.23 1235.11 423.114 1126.88 108.236 386.226 281.113 761.351 42.4386 365.527 37.3506 260.298 60.131 36.8881 200.167 65.7972 33.9972 23.9368 436.413 111.358 211.268 133.329 77.9391 12.0262 16.4204 25.3244 105.114 44.867 37.0037 7.86329
internal_count=14340 10681 3659 9745 936 3340 2431 6584 367 3161 323 2251 520 319 1731 569 294 207 3774 963 1827 1153 674 104 142 219 909 388 320 68
cat_boundaries=0 1 2 3 4 5 6 7 8 9 10 11 12 13
cat_threshold=32 32 1 2 1 1 1 2 2 1 8 1 1
is_linear=0
shrinkage=1


Tree=1
num_leaves=31
num_cat=10
split_feature=56 9 0 56 32 0 0 0 8 12 0 32 9 47 49 0 45 30 0 47 49 45 10 55 8 8 22 43 55 10
split_gain=1589.54 317.437 161.166 138.612 112.833 77.2863 74.579 50.3101 34.4777 27.063 25.757 19.6891 19.0261 18.2334 17.6734 13.0306 12.079 11.9453 10.3429 9.86333 13.7969 9.78529 9.41406 10.8698 10.0408 23.2308 9.35583 9.19922 11.9728 11.8456
threshold=0 1 67.500000000000014 2 3 71.500000000000014 76.500000000000014 74.500000000000014 25.550000000000004 153.50000000000003 82.500000000000014 4 5 43.500000000000007 6 80.500000000000014 48.500000000000007 7 91.500000000000014 24.500000000000004 8 46.500000000000007 84.500000000000014 155.50000000000003 21.950000000000003 23.550000000000004 71.950000000000017 9 170.50000000000003 87.500000000000014
decision_type=1 1 2 1 9 2 2 2 2 2 2 9 1 2 9 2 2 1 2 2 9 2 2 2 2 2 2 1 2 2
left_child=1 2 11 6 27 -5 12 22 19 21 -7 14 13 17 16 -10 -1 -2 26 20 -8 -9 24 -24 -3 -26 -12 29 -29 -4
right_child=3 7 4 5 -6 10 8 9 15 -11 18 -13 -14 -15 -16 -17 -18 -19 -20 -21 -22 -23 23 -25 25 -27 -28 28 -30 -31
leaf_value=0.068483362180646976 0.02005034035943927 -0.045648490348059165 0.18721502189685693 -0.042398740180214826 -0.033058415189097877 -0.022119003177222284 0.13855049964099084 0.050304792191504348 0.0056218894935633106 0.17856712450624554 -0.0031011417640432401 -0.054289382327542782 -0.021650512444186899 0.094206228548650711 0.14504968622172643 0.074942479938667442 -0.027024341079035986 -0.011954040156952199 0.049231808436332104 0.2233153736567362 0.010848882611329418 0.14602427035320342 0.062496233598573737 -0.04439567785012586 0.14992092511326691 0.017929367326253901 0.084031983766750307 0.18169113488505528 0.13484025128116575 0.26659187139414459
leaf_weight=34.411215856671333 68.632302835583687 5.0068746060132971 62.676078140735626 606.20910062640905 6.4032202437520018 408.1374588906765 10.066056683659554 21.648196190595634 14.844657659530641 6.4583256840705863 103.00391409546137 3.1050061360001555 69.938575901091099 6.1482721343636504 7.3067707717418662 12.674665473401545 3.5294510871171942 50.355318911373615 11.500602632761 2.5657457113265982 2.8032469823956463 3.0894557163119307 2.8239620774984351 12.202231898903845 3.5191792398691168 45.653806053102016 3.0749704837799063 46.386974297463894 23.491440266370773 6.0594615414738646
leaf_count=301 589 44 523 5342 55 3503 83 186 125 55 867 27 617 52 64 105 31 434 92 21 23 26 25 108 31 403 26 385 197 50
internal_value=0.000135564 0.103662 0.144636 -0.0226581 0.171014 -0.0299629 0.0118644 0.0349471 0.0719252 0.0875792 -0.0161779 0.0652333 -0.000757188 0.0108882 0.0736472 0.0378859 0.0594196 0.0064655 0.0044033 0.131658 0.111418 0.0630002 0.0110579 -0.0236959 0.0208145 0.0277622 -0.00045151 0.180494 0.166228 0.194662
internal_weight=1663.73 293.772 193.37 1369.95 145.017 1131.93 238.029 100.402 42.9544 31.196 525.717 48.3524 195.074 125.136 45.2474 27.5193 37.9407 118.988 117.579 15.435 12.8693 24.7377 69.2061 15.0262 54.1799 49.173 106.079 138.614 69.8784 68.7355
internal_count=14390 2511 1633 11879 1210 9830 2049 878 357 267 4488 423 1692 1075 396 230 332 1023 985 127 106 212 611 133 478 434 893 1155 582 573
cat_boundaries=0 1 2 3 4 5 6 7 8 9 10
cat_threshold=4 1 3 1 1 1 1 2 1 4
is_linear=0
shrinkage=0.05


Tree=2
num_leaves=31
num_cat=15
split_feature=9 25 19 32 21 21 8 25 55 55 8 24 21 24 8 55 24 47 53 47 14 19 45 10 19 45 53 18 19 20
split_gain=213.393 100.047 38.4269 36.9894 36.2287 34.6305 23.185 21.4235 19.9806 16.7541 16.2615 24.2856 14.4433 14.6975 11.2575 10.9536 13.3001 9.94795 9.86501 9.82305 8.78226 8.32205 7.96036 7.73554 8.18683 6.56651 6.39398 6.21454 5.81915 5.52602
threshold=0 1 11.500000000000002 2 3 4 29.450000000000003 5 193.50000000000003 152.50000000000003 28.750000000000004 6 7 8 21.450000000000003 182.50000000000003 9 46.500000000000007 10 1.5000000000000002 11 19.500000000000004 49.500000000000007 73.500000000000014 17.500000000000004 39.500000000000007 12 13 10.500000000000002 14
decision_type=1 9 2 9 1 1 2 9 2 2 2 9 1 9 2 2 9 2 1 2 1 2 2 2 2 2 1 9 2 9
left_child=1 3 9 4 14 6 19 15 18 22 11 -7 -9 -14 -1 16 23 28 -6 -4 21 -15 29 -2 -25 -22 -16 -12 -11 -3
right_child=7 2 5 -5 8 10 -8 12 -10 17 27 -13 13 20 26 -17 -18 -19 -20 -21 25 -23 -24 24 -26 -27 -28 -29 -30 -31
leaf_value=0.1122024045528399 0.0051303454101705379 0.10702733418200459 0.14705926694707128 -0.038700741656825674 0.1181899221262227 -0.0039216211377335781 -0.0084671723373081903 -0.008576868889581063 0.03116951202079923 0.009109712128412769 -0.016075975279450965 0.018788649972072996 -0.036112271793378004 -0.0047247154722441526 0.058627466437715159 -0.020098052669854944 0.0042878888249905985 0.12057261961424835 0.19866382350472328 0.032991602730785032 -0.0028646570845419356 0.069368041037912331 0.16417013008711442 0.063741930258645843 0.17635374785327321 -0.027270522327048925 0.027495493512398696 0.003365932400457892 0.066513241817590094 0.039657237094735794
leaf_weight=7.4820698425173751 3.0591780468821534 6.5485986694693574 1.8493219316005696 8.3824111074209195 12.830137386918068 272.22375011444092 39.61529441177845 114.65732692182064 4.8949796184897414 22.256941311061389 142.31670001149178 206.91825820505619 274.50782017409801 29.447095021605492 46.672885313630104 14.792635187506674 16.780477248132229 2.6976615116000167 6.4824377745389983 142.97743213921785 34.047082409262657 4.2367245852947226 3.2677917703986159 5.6451654955744726 2.4583151862025261 156.47753371298313 27.130156479775906 57.413004249334335 5.5199581980705252 6.5567876249551782
leaf_count=57 25 53 15 73 95 2354 340 1016 38 188 1241 1749 2479 259 366 128 143 22 48 1189 305 37 26 47 20 1402 215 495 46 55
internal_value=0.000158728 0.0144244 0.00841352 0.056664 0.0696848 0.00610296 0.0253099 -0.0220979 0.123484 0.0525744 0.000874322 0.00587729 -0.0242553 -0.0283336 0.0534693 0.0116711 0.032841 0.030247 0.146343 0.0345831 -0.0187757 0.00462436 0.093392 0.074901 0.100247 -0.0229392 0.0473036 -0.0110995 0.0208943 0.0742554
internal_weight=1680.15 1024.04 910.162 113.875 105.493 863.314 184.442 656.109 24.2076 46.8477 678.872 479.142 613.374 498.716 81.2851 42.7358 27.9431 30.4746 19.3126 144.827 224.208 33.6838 16.3732 11.1627 8.10348 190.525 73.803 199.73 27.7769 13.1054
internal_count=14526 8665 7773 892 819 7383 1544 5861 181 390 5839 4103 5498 4482 638 363 235 256 143 1204 2003 296 134 92 67 1707 581 1736 234 108
cat_boundaries=0 1 2 3 4 5 6 7 8 9 10 11 12 13 14 15
cat_threshold=1 32 1 4 2 32 1 2 1 4 2 4 2 81 2
is_linear=0
shrinkage=0.05


Tree=3
num_leaves=31
num_cat=16
split_feature=56 9 32 56 56 47 55 12 30 55 19 48 38 28 32 21 7 53 19 19 37 12 19 47 12 25 47 37 55 55
split_gain=1356.93 234.075 93.0902 43.7943 26.8734 17.3986 15.9252 14.8933 14.8441 14.7734 13.7241 12.8125 11.5945 10.6879 12.0116 10.2844 10.2296 9.13737 7.95465 7.79175 7.6192 7.33708 7.26858 7.21077 7.09839 6.86223 6.70052 6.24915 9.69457 5.60329
threshold=0 1 2 3 4 5.5000000000000009 161.50000000000003 153.50000000000003 5 180.50000000000003 11.500000000000002 6 7 8 9 10 11 12 15.500000000000002 13.500000000000002 13 141.50000000000003 17.500000000000004 44.500000000000007 134.50000000000003 14 52.500000000000007 15 139.50000000000003 137.50000000000003
decision_type=1 1 9 1 1 2 2 2 1 2 2 9 9 9 9 1 9 1 2 2 9 2 2 2 2 9 2 9 2 2
left_child=1 2 4 6 11 -6 16 13 -7 17 -5 12 -1 27 21 26 -2 -9 -13 29 -8 -15 24 25 -17 -22 -12 28 -3 -18
right_child=3 7 -4 10 5 8 20 9 -10 -11 15 18 -14 14 -16 22 19 -19 -20 -21 23 -23 -24 -25 -26 -27 -28 -29 -30 -31
leaf_value=0.043922548022690314 0.094322437818447041 0.085865085780206671 -0.038341555433746184 -0.000422894623571562 -0.05519358215245778 0.011388643663686191 -0.039403973861168021 0.016318211652320731 0.07379776448272285 -0.00010977926290252663 -0.02284672468355485 0.055277507402374193 0.13047524856683593 0.02391305998570956 -0.046062296450074057 -0.035271429510688693 0.081497680448713361 0.114381241952627 0.12765887133125603 0.0017757161394688836 0.014289268788378495 0.062670260847035392 -0.039859387067280226 0.062959441405731287 -0.023302378198707851 -0.015007777736748544 0.042287517786691174 -0.040343393425904164 -0.012363250501143577 0.011630609662926519
leaf_weight=4.2577112317085266 4.4855666160583496 3.0360027030110368 10.925284720957277 36.643898747861385 3.4862696900963774 12.933714099228382 20.108132570981979 3.2592523470520973 38.830770947039127 6.1668816506862631 202.67901775985956 11.182744070887567 193.48770719021559 66.091742865741253 5.2063618004322043 306.32742036134005 6.3184142559766752 10.618114091455938 6.2906557172536841 30.72079349309206 19.443818412721157 15.286576770246027 339.01748415827751 3.5966042503714553 215.72545877099037 65.060843676328659 3.8854020163416854 12.278676234185696 12.346388965845106 5.6017211899161339
leaf_count=32 37 26 97 314 29 112 182 27 315 54 1765 81 1444 576 46 2754 50 88 45 255 168 134 3060 28 1925 544 32 110 110 45
internal_value=-0.000900143 0.0763505 0.104105 -0.026795 0.10989 0.0432053 -0.00101387 0.0238022 0.0583528 0.0635457 -0.030375 0.119406 0.12866 0.0167361 0.0238166 -0.0316827 0.0231152 0.0919893 0.0821984 0.0153045 -0.0116738 0.0313228 -0.0340982 -0.00525051 -0.0303405 -0.00828368 -0.0215775 -0.0101693 0.00713038 0.0494504
internal_weight=1675.3 415.685 281.395 1259.61 270.47 55.2508 155.336 134.29 51.7645 20.0442 1104.28 215.219 197.745 114.246 86.5847 1067.63 47.1265 13.8774 17.4734 42.6409 108.209 81.3783 861.07 88.1013 522.053 84.5047 206.564 27.6611 15.3824 11.9201
internal_count=14485 3326 2155 11159 2058 456 1309 1171 427 169 9850 1602 1476 1002 756 9536 387 115 126 350 922 710 7739 740 4679 712 1797 246 136 95
cat_boundaries=0 1 2 3 4 5 6 7 8 9 10 11 12 13 14 15 16
cat_threshold=6 1 1 1 4 4 1 8 17 1 2 4 4 4 1 2
is_linear=0
shrinkage=0.05


Tree=4
num_leaves=31
num_cat=8
split_feature=56 0 0 37 41 56 0 0 55 55 0 56 0 55 12 22 55 24 45 22 19 0 19 9 19 5 0 19 47 12
split_gain=1190.36 199.092 91.0082 87.632 56.5666 34.7451 33.766 29.0416 23.1641 17.8286 17.0162 16.8479 16.1106 14.4471 12.5569 12.0769 12.743 9.95198 9.64629 9.54837 9.13967 9.06743 8.82156 7.83503 7.34172 7.30113 11.2887 7.22244 7.20604 6.43346
threshold=0 72.500000000000014 78.500000000000014 1 2 3 70.500000000000014 67.500000000000014 136.50000000000003 144.50000000000003 80.500000000000014 4 92.500000000000014 151.50000000000003 149.50000000000003 71.450000000000017 185.50000000000003 5 41.500000000000007 62.250000000000007 16.500000000000004 57.500000000000007 8.5000000000000018 6 15.500000000000002 7 70.500000000000014 11.500000000000002 19.500000000000004 133.50000000000003
decision_type=1 2 2 9 1 1 2 2 2 2 2 1 2 2 2 2 2 9 2 2 2 2 2 1 2 1 2 2 2 2
left_child=1 3 5 7 8 23 -7 15 -3 28 -6 13 22 -4 -10 16 -1 -14 -15 -11 -17 -5 -13 -2 -16 -23 -27 29 -9 -8
right_child=2 4 11 21 10 6 27 9 14 19 -12 12 17 18 24 20 -18 -19 -20 -21 -22 25 -24 -25 -26 26 -28 -29 -30 -31
leaf_value=0.051259198899193704 0.0015197368628073263 0.11750841732105044 0.13452501146025936 -0.040393102573272666 0.10521000821629622 -0.043317431993676971 0.048452369164687425 0.059378292340517329 0.0036801033699448166 0.010535908386888754 0.1378156342033427 0.060733141546062464 0.0065512141524646421 0.060037047015995548 0.010628579723043857 0.13744476887397178 0.0062681416622267063 0.11056652769916336 -0.040154959947730211 0.081427035174189699 0.033054992519757631 -0.0097931970346091402 -0.0060925097551496193 -0.023984019364558355 0.11369261135535068 0.0097608124091434177 0.079600454108943064 -0.024385507995871362 0.1542967101787738 -0.022778363818479017
leaf_weight=45.230584770441055 95.287003420293331 9.2587442398071271 5.0378944352269199 12.341739907860754 106.41123446822166 524.30402667820454 6.4865316748619062 2.8278466165065756 19.318272978067402 5.5661029219627371 70.457262791693211 4.9507613703608504 4.4706972315907478 8.725410118699072 2.7884503901004782 5.5044578462839109 24.569988451898098 4.9161488711833936 3.1594487503170958 42.608678437769413 3.7134571149945259 35.71701941639185 204.32294956594706 43.70883896201849 5.1076529696583748 29.655903503298759 7.1749888658523551 322.53394753485918 12.004528887569903 5.9219097718596458
leaf_count=351 790 73 36 111 755 4938 55 20 161 40 474 41 34 68 22 43 198 38 25 307 29 316 1764 395 39 263 61 2914 84 51
internal_value=0.000653726 0.0703013 -0.0245684 0.0392342 0.106581 -0.0313642 -0.0349762 0.0632432 0.0494616 0.0886409 0.118298 0.00316529 -0.0014825 0.0403417 0.0257825 0.0428421 0.0355254 0.0621452 0.0328722 0.0733787 0.0967338 -0.000902714 -0.00445949 -0.00604141 0.0785097 0.00579286 0.0186345 -0.0229393 0.137054 0.0141476
internal_weight=1674.08 440.257 1233.83 226.915 213.342 998.242 859.246 142.026 36.4731 63.0072 176.868 235.583 218.661 16.9228 27.2144 79.0185 69.8006 9.38685 11.8849 48.1748 9.21791 84.8897 209.274 138.996 7.8961 72.5479 36.8309 334.942 14.8324 12.4084
internal_count=14496 3347 11149 1823 1524 9143 7958 1072 295 451 1229 2006 1877 129 222 621 549 72 93 347 72 751 1805 1185 61 640 324 3020 104 106
cat_boundaries=0 1 2 3 4 5 6 7 8
cat_threshold=6 1 2 1 1 4 1 72
is_linear=0
shrinkage=0.05


Tree=5
num_leaves=31
num_cat=11
split_feature=56 52 56 0 32 0 0 0 0 52 19 8 21 32 30 0 19 0 19 24 8 32 0 40 19 0 47 55 0 19
split_gain=966.968 130.84 103.331 81.4692 76.6326 57.9246 55.2139 30.5199 18.9889 17.6934 17.6861 16.8684 16.4564 13.3372 11.8384 11.6905 13.7562 11.5566 13.5894 10.81 10.7019 10.4688 9.00885 8.5204 8.3516 7.70233 7.34778 7.07883 9.76188 6.82597
threshold=0 1 2 71.500000000000014 3 67.500000000000014 78.500000000000014 74.500000000000014 89.500000000000014 4 11.500000000000002 24.350000000000005 5 6 7 75.500000000000014 9.5000000000000018 83.500000000000014 19.500000000000004 8 23.950000000000003 9 79.500000000000014 10 10.500000000000002 80.500000000000014 31.500000000000004 158.50000000000003 63.500000000000007 14.500000000000002
decision_type=1 1 1 2 9 2 2 2 2 1 2 2 1 9 1 2 2 2 2 9 2 9 2 9 2 2 2 2 2 2
left_child=1 4 6 -4 5 20 9 12 10 14 24 -8 -3 25 21 16 -7 18 23 -10 -1 -2 -12 -9 -5 -13 -16 28 -11 -22
right_child=2 7 3 8 -6 15 11 17 19 27 22 13 -14 -15 26 -17 -18 -19 -20 -21 29 -23 -24 -25 -26 -27 -28 -29 -30 -31
leaf_value=0.096728257665393946 0.025397205468597518 -0.0062616685799520141 -0.040821934329798845 0.012747746384534129 -0.050898324063384341 0.0071669094019622586 0.12216170870963093 0.019473555492139895 0.077331373138077475 -0.039241320565639976 -0.022379221530182541 0.013799566330727438 0.05066677024830632 -0.05504673517407839 -0.015108578490558626 0.12258758435273494 0.10121361468215689 0.13661110357014736 0.13455275690791418 0.0037724068084119891 0.019636459774127844 -0.046520872093389579 -0.0075109992753927312 0.080208121092100917 0.090259483769573393 0.076451069787346213 0.036656849760636628 -0.032242372355687297 0.027524532074710485 0.059493209209833281
leaf_weight=11.375011622905729 80.019752018153667 53.619815349578857 560.94468616694212 18.225862450897697 8.8540908470749837 4.2388875782489768 9.6825228780508024 18.96454095095396 8.316198542714119 8.8650422319769877 294.78214102983475 7.4382959231734302 16.48753896355629 2.8748145252466228 51.471704766154289 107.03814567625523 74.862773835659027 4.7294252440333358 4.2808853313326827 12.690726019442081 20.075464054942131 5.2648747861385337 157.70005662739277 8.4845379739999824 4.2790518254041663 15.976321697235106 7.7686225846409789 48.637665070593357 13.941833421587942 24.646892316639423
leaf_count=81 631 469 5443 151 77 27 63 146 63 81 2691 57 141 23 436 653 477 34 32 100 148 45 1375 63 35 113 62 449 119 181
internal_value=-0.000653652 0.0710464 -0.0206389 -0.0275055 0.0927374 0.0980269 0.00809854 0.0265132 -0.0129845 -0.00112103 -0.0150511 0.0656846 0.00710839 0.0443103 0.00891619 0.111481 0.0962524 0.0635683 0.052129 0.0333582 0.0531769 0.0208496 -0.0172112 0.0386512 0.028041 0.0569041 -0.0081856 -0.0214793 0.00129633 0.0417971
internal_weight=1666.54 357.658 1308.88 1056.94 251.091 242.237 251.941 106.567 495.994 215.969 474.987 35.972 70.1074 26.2894 144.525 186.14 79.1017 36.4594 31.73 21.0069 56.0974 85.2846 452.482 27.4491 22.5049 23.4146 59.2403 71.4445 22.8069 44.7224
internal_count=14466 2529 11937 9858 1644 1567 2079 885 4415 1823 4252 256 610 193 1174 1157 504 275 241 163 410 676 4066 209 186 170 498 649 200 329
cat_boundaries=0 1 2 3 4 5 6 7 8 9 10 11
cat_threshold=4 1 3 1 1 4 1 2 1 1 1
is_linear=0
shrinkage=0.05


Tree=6
num_leaves=31
num_cat=12
split_feature=56 9 32 56 56 19 28 12 7 24 8 8 8 47 32 8 10 12 12 53 10 40 12 8 47 32 8 10 22 19
split_gain=883.981 136.655 56.7856 41.1892 16.0879 15.4892 14.1533 20.315 12.8695 10.9957 12.2717 10.6498 10.5649 10.7427 9.74928 10.4873 9.27639 8.35031 7.72162 7.62155 7.13738 6.73113 6.60434 6.46376 6.23058 6.16922 6.81207 5.86611 5.48669 4.60972
threshold=0 1 2 3 4 11.500000000000002 5 141.50000000000003 6 7 25.050000000000004 26.650000000000002 29.950000000000003 17.500000000000004 8 25.450000000000003 84.500000000000014 132.50000000000003 146.50000000000003 9 80.500000000000014 10 145.50000000000003 29.050000000000004 39.500000000000007 11 37.150000000000013 84.500000000000014 61.250000000000007 18.500000000000004
decision_type=1 1 9 1 1 2 9 2 9 9 2 2 2 2 9 2 2 2 2 1 2 9 2 2 2 9 2 2 2 2
left_child=1 2 4 8 16 -5 27 25 -2 17 28 22 13 -6 15 21 19 -7 -13 -1 -12 -10 -9 -19 -18 26 -8 -3 -11 -17
right_child=3 6 -4 5 12 9 7 11 14 10 20 18 -14 -15 -16 29 24 23 -20 -21 -22 -23 -24 -25 -26 -27 -28 -29 -30 -31
leaf_value=0.15098661058658988 -0.029728122166830618 -0.0026468647187368826 -0.034636438576342958 0.0043304788869400783 -0.0055425179840372721 -0.038346866998001938 0.019084814197807082 0.023563452383209216 0.0273598249795486 0.015042031536197216 -0.023009896220347922 0.084891246671873741 -0.00074840381141130579 0.059233014736510214 -0.035673361606426132 -0.001556228602410792 0.056141252226849181 -0.019086311375842907 0.015109545877324613 0.090476197511928022 -0.038448421481444471 0.099221467684750195 0.11173256809398105 -0.041099070680490235 0.12242613123775684 -0.04457280131233049 -0.044321320258662679 -0.050633140822960714 -0.013851834191607402 0.037599318448095782
leaf_weight=5.7377454638481158 27.929616548120975 26.370191045105457 11.321354381740091 36.010353460907936 7.4962677434086791 353.15685687959194 62.612521536648273 2.9343234673142424 29.862514242529869 19.895542249083519 249.32284723967314 5.4871593713760403 13.994125135242937 38.279947549104691 11.60490934550762 73.252882540225983 32.627660408616066 130.10968834906816 14.743373550474642 219.85352326929569 109.93152715265751 3.674046389758586 10.375559717416762 45.895068861544132 4.1785389035940161 4.5518575534224501 4.406794346868991 8.4112448915839177 89.172839164733887 8.2558132335543615
leaf_count=35 265 229 101 308 56 3438 523 23 228 177 2346 45 116 269 100 609 203 1244 117 1340 1057 28 76 450 24 40 38 74 825 69
internal_value=-0.000800488 0.0562742 0.0748624 -0.0238218 0.0787353 -0.0274877 0.0159243 0.0237849 0.000840621 -0.0289173 -0.0232921 0.0581306 0.0316402 0.0485275 0.00770572 0.0121521 0.0849849 -0.0338809 0.0346069 0.0921036 -0.0277574 0.0356527 0.0929882 -0.0248748 0.0641133 0.0108797 0.0147813 -0.0112745 -0.00852645 0.00238968
internal_weight=1661.46 473.382 333.489 1188.07 322.168 1033.49 139.893 105.112 154.58 997.484 468.323 33.5404 59.7703 45.7762 126.65 115.045 262.397 529.162 20.2305 225.591 359.254 33.5366 13.3099 176.005 36.8062 71.5712 67.0193 34.7814 109.068 81.5087
internal_count=14453 3309 2144 11144 2043 9845 1165 862 1299 9537 4405 261 441 325 1034 934 1602 5132 162 1375 3403 256 99 1694 227 601 561 303 1002 678
cat_boundaries=0 1 2 3 4 5 6 7 8 9 10 11 12
cat_threshold=6 1 1 1 4 17 1 1 1 1 2 1
is_linear=0
shrinkage=0.05


Tree=7
num_leaves=31
num_cat=13
split_feature=56 0 0 9 40 32 56 0 32 56 8 8 10 0 0 51 0 47 0 18 45 47 10 8 40 12 37 32 55 24
split_gain=790.584 121.064 82.2852 50.0301 36.2102 26.8815 25.6612 28.1606 20.4503 16.1956 18.8817 12.8224 11.5665 11.5596 11.2418 10.5811 9.93049 9.0755 8.91064 8.21413 8.34964 7.64174 7.62253 7.28964 10.6833 7.73224 6.55671 6.73013 6.02088 5.89724
threshold=0 72.500000000000014 78.500000000000014 1 2 3 4 70.500000000000014 5 6 24.950000000000003 26.750000000000004 58.500000000000007 63.500000000000007 92.500000000000014 7 83.500000000000014 53.500000000000007 57.500000000000007 8 62.500000000000007 28.500000000000004 79.500000000000014 27.450000000000003 9 131.50000000000003 10 11 142.50000000000003 12
decision_type=1 2 2 1 9 9 1 2 9 1 2 2 2 2 2 9 2 2 2 9 2 2 2 2 9 2 9 9 2 9
left_child=1 3 6 5 8 12 26 -8 11 10 -4 15 -1 -14 17 -3 23 -11 -5 21 -21 -9 -13 25 -25 -6 -2 28 -28 -16
right_child=2 4 9 18 16 -7 7 19 -10 14 -12 22 13 -15 29 -17 -18 -19 -20 20 -22 -23 -24 24 -26 -27 27 -29 -30 -31
leaf_value=0.1297783428780048 -0.029196484352173115 0.10585047015731082 0.13266895367236611 -0.040744510230003014 0.084118231785059755 -0.055282816488721603 -0.040507145217399676 -0.0039407747074280399 -0.020045219748756105 -0.0048982390147381981 0.024326891404114679 0.060026672193378761 0.02588262257209141 0.056116992691536742 0.0086336933920353933 0.056511326279615762 0.10395451720189675 0.067847659929992685 0.0042992517421603076 -0.031128168131138646 0.034466851427771623 -0.037227708929791603 0.095966356786780116 0.060708507631353437 -0.015559425238364264 0.031476904717314749 0.028128949545332838 -0.044264648304689617 -0.0039280016491893112 0.090007552610905206
leaf_weight=4.3137140274047843 27.65841843187809 107.82083389163017 6.0129288882017162 12.819522105157374 11.063711263239385 6.3048458099365225 483.66389093548059 106.78087443113327 4.158309578895568 201.6455254778266 12.385243251919745 44.516880631446838 47.228433921933174 102.23017849773169 4.3326926156878471 13.0163337290287 5.9354185909032813 4.2741151303052893 72.489298172295094 176.20584304630756 4.8377299830317488 20.589831508696079 24.188344791531563 6.9703688994050026 12.857837326824667 20.557171009480953 17.660579822957516 8.5481576323509199 82.93178167194128 4.8864126875996572
leaf_count=27 270 604 36 119 85 59 4975 1006 36 1788 92 262 329 652 33 73 39 36 632 1692 46 191 141 52 102 147 136 79 689 34
internal_value=0.000192844 0.0523906 -0.0223576 0.0284206 0.0778618 0.0448951 -0.0292203 -0.0325554 0.0882267 0.00396078 0.039291 0.0906377 0.0490683 0.0466202 -0.000840615 0.100628 0.0426953 -0.00333184 -0.0024508 -0.0211151 -0.0277953 -0.00870315 0.0728733 0.0353432 0.0111709 0.0502601 -0.00697635 -0.0019166 0.00167279 0.0528039
internal_weight=1658.89 496.471 1162.41 245.386 251.085 160.077 928.877 792.078 193.701 233.537 18.3982 189.542 153.772 149.459 215.139 120.837 57.3845 205.92 85.3088 308.414 181.044 127.371 68.7052 51.4491 19.8282 31.6209 136.799 109.141 100.592 9.21911
internal_count=14462 3359 11103 1818 1541 1067 9084 7910 1116 2019 128 1080 1008 981 1891 677 425 1824 751 2935 1738 1197 403 386 154 232 1174 904 825 67
cat_boundaries=0 1 2 3 4 5 6 7 8 9 10 11 12 13
cat_threshold=6 1 2 1 1 1 1 1 13 4 4 1 4
is_linear=0
shrinkage=0.05


Tree=8
num_leaves=31
num_cat=12
split_feature=56 56 0 0 14 0 32 0 41 31 18 8 0 8 0 30 0 22 22 32 0 12 12 0 22 1 41 0 14 8
split_gain=685.533 85.0542 79.9429 75.6869 40.7242 29.4135 29.162 22.0596 18.0052 14.8112 9.93845 9.73844 13.3752 9.32572 8.61337 8.3646 7.84768 8.41611 7.66424 7.66289 7.24219 6.7179 6.18508 6.10863 5.58267 5.2801 5.18323 4.96821 4.84893 3.94906
threshold=0 1 74.500000000000014 72.500000000000014 2 80.500000000000014 3 89.500000000000014 4 5 6 25.150000000000002 63.500000000000007 27.150000000000002 82.500000000000014 7 67.500000000000014 71.450000000000017 72.450000000000017 8 79.500000000000014 144.50000000000003 122.50000000000001 67.500000000000014 67.350000000000009 9 10 58.500000000000007 11 29.450000000000003
decision_type=1 1 2 2 1 2 9 2 1 1 9 2 2 2 2 1 2 2 2 9 2 2 2 2 2 9 1 2 1 2
left_child=2 5 4 23 24 9 16 10 14 11 26 12 -2 22 21 19 17 -6 -17 -11 -12 -4 -9 28 27 -18 -5 -1 -3 -10
right_child=1 3 8 7 6 -7 -8 13 29 15 20 -13 -14 -15 -16 18 25 -19 -20 -21 -22 -23 -24 -25 -26 -27 -28 -29 -30 -31
leaf_value=-0.029510759705860701 -0.042752493824192467 -0.014260487642869656 0.0078487280581195484 -0.027454047880554416 0.034093882290395207 0.056023783343948252 -0.054866816293416054 0 0.092045959171230318 0.022914332801109515 -0.020156439488901667 -0.031531451438200249 0.038480864639199072 -0.025087867772968703 0.10599237731041472 -0.0078283080418491968 0.012734174831032372 0.09115350421527918 0.081007020877153751 -0.037206795494187372 -0.0062666380466666885 0.067371557030859494 0.06896292800522047 -0.031012730487988006 -0.018832895972489848 0.067316542169055402 0.037753354370728583 0.020099793511801842 -0.043243798687565949 0.06946477971256533
leaf_weight=5.73024658858776 7.847942233085635 15.77695007622242 14.049238897860056 3.5650937259197235 56.901326514780521 27.591575644910336 6.2255161926150313 4.1847423166036668 128.13153126835823 91.748161114752293 232.71712435036898 47.568871796131134 13.78822750598192 4.589506819844245 4.3641036599874488 58.705008201301098 4.9761994779109955 7.4140486717224112 2.4270423874258986 5.4757904037833205 159.55386657267809 7.2639086842536917 14.304561927914618 216.85043091326952 20.724949285387993 83.302919864654541 16.504530936479572 35.040298715233803 325.51167621463537 27.352907136082649
leaf_count=53 76 168 107 31 378 172 61 31 681 682 2236 450 114 35 28 492 27 48 21 51 1428 48 108 2223 180 476 132 294 3467 155
internal_value=-0.000323926 -0.0186386 0.0556953 -0.0252546 0.0367822 0.0070857 0.0501529 -0.00986558 0.081708 0.00141928 -0.01254 -0.0164987 0.00872447 0.0375493 0.0422982 0.00971498 0.0545034 0.0408804 -0.00409321 0.0194421 -0.0141617 0.0285886 0.0534177 -0.0376995 0.00214405 0.0643143 0.0172775 0.0129496 -0.0419232 0.0881528
internal_weight=1650.19 1248.71 401.477 993.558 220.316 255.153 158.82 435.419 181.162 227.561 412.341 69.205 21.6362 23.0788 25.6773 158.356 152.594 64.3154 61.1321 97.224 392.271 21.3131 18.4893 558.139 61.4955 88.2791 20.0696 40.7705 341.289 155.484
internal_count=14453 11917 2536 9859 1517 2058 990 4001 1019 1886 3827 640 190 174 183 1246 929 426 513 733 3664 155 139 5858 527 503 163 347 3635 836
cat_boundaries=0 1 2 3 4 5 6 7 8 9 10 11 12
cat_threshold=4 3 2 1 2 12 8 2 1 8 2 4
is_linear=0
shrinkage=0.05


Tree=9
num_leaves=31
num_cat=12
split_feature=56 0 0 9 56 0 32 9 32 38 47 48 56 55 0 47 49 0 45 0 0 24 12 37 10 0 55 10 55 12
split_gain=644.467 92.2074 67.6274 30.3647 26.3408 26.7094 24.505 19.6058 15.0021 12.6288 12.0644 9.73102 8.9844 10.0704 8.15223 7.38249 7.21366 8.85199 8.36786 7.15382 6.82343 6.67767 6.38498 5.86913 6.35593 6.89369 5.83816 7.61904 6.20414 5.56826
threshold=0 70.500000000000014 79.500000000000014 1 2 70.500000000000014 3 4 5 6 9.5000000000000018 7 8 151.50000000000003 58.500000000000007 53.500000000000007 9 78.500000000000014 56.500000000000007 80.500000000000014 89.500000000000014 10 118.50000000000001 11 68.500000000000014 75.500000000000014 159.50000000000003 73.500000000000014 167.50000000000003 164.50000000000003
decision_type=1 2 2 1 1 2 9 1 9 9 2 9 1 2 2 2 9 2 2 2 2 9 2 9 2 2 2 2 2 2
left_child=1 3 4 8 23 29 7 16 9 10 -1 -9 13 -4 -5 20 18 -18 -3 -13 22 -22 -14 24 -2 -26 27 -16 -28 -6
right_child=2 6 12 14 5 -7 -8 11 -10 -11 -12 19 15 -15 26 -17 17 -19 -20 -21 21 -23 -24 -25 25 -27 28 -29 -30 -31
leaf_value=-0.017655703711705561 -0.025355173137155004 0.056234656678606498 0.11197363352219852 -0.039259654856583587 -0.040432790641647676 -0.020708405166166781 -0.021066489749282546 0.010161173111329261 -0.053812594104815314 -0.034192976913262334 0.045241299912102573 0.067344341760369894 -0.028911204261878071 0.023975609484205213 -0.018462303939385208 0.068065251928574252 -0.01736688826185984 0.063144247412422125 -0.014247353016556658 0.086491548298003873 0.060602023811738542 0.0030920220179155439 -0.00054459220288523107 -0.022524627658250654 0.0013636735347679766 0.049695022458297988 -0.0421959006346775 0.047071845071861684 0.0031815030046494388 -0.0073573986683026955
leaf_weight=8.0130696073174459 19.583765529096127 49.163141883909702 4.9437571316957483 14.796192213892935 437.12448999285698 332.07117206603289 8.2540745213627797 6.3191872239112854 4.5397244691848746 5.7171560004353514 111.42567405104637 147.9577644020319 23.196612954139709 9.9456907510757429 6.5715888589620617 3.8403266891837111 9.6914545223116857 5.1077318415045729 4.4446416497230521 80.774619892239571 8.148586168885231 13.550642974674702 136.32092867791653 39.612245328724384 73.61604555696249 8.1336097121238691 10.239349357783793 12.753140002489088 27.101764008402824 13.540164299309252
leaf_count=53 155 355 27 142 4788 3253 70 33 47 38 706 807 210 70 58 30 75 34 32 407 57 104 1216 385 608 62 89 108 241 146
internal_value=-0.000582109 0.045338 -0.0217584 0.0197808 -0.0276593 -0.0311127 0.0632572 0.0655735 0.0341979 0.0374706 0.0409685 0.0724684 0.00438938 0.0324385 -0.00632608 0.000320058 0.0417379 0.0103221 0.0502822 0.0741627 -0.00110711 0.0250967 -0.00471644 -0.00581874 0.000104588 0.00628829 0.00223924 0.0245485 -0.00920741 -0.039452
internal_weight=1636.5 512.87 1123.63 201.158 923.681 782.736 311.713 303.459 129.696 125.156 119.439 235.052 199.947 14.8894 71.462 185.057 68.407 14.7992 53.6078 228.732 181.217 21.6992 159.518 140.946 101.333 81.7497 56.6658 19.3247 37.3411 450.665
internal_count=14406 3295 11111 1482 9397 8187 1813 1743 844 797 759 1247 1714 97 638 1617 496 109 387 1214 1587 161 1426 1210 825 670 496 166 330 4934
cat_boundaries=0 1 2 3 4 5 6 7 8 9 10 11 12
cat_threshold=6 1 1 1 2 1 1 4 1 1 1 1
is_linear=0
shrinkage=0.05


Tree=10
num_leaves=31
num_cat=11
split_feature=56 0 0 7 56 9 0 38 8 19 55 8 10 47 25 52 47 0 37 12 48 51 8 8 0 8 12 0 22 41
split_gain=593.984 67.293 66.9609 31.4011 25.0707 22.911 14.4161 11.0909 9.34977 16.4643 10.5442 8.6597 8.50798 7.39661 8.52807 8.51398 7.16488 6.96274 9.69874 8.40837 6.65431 6.64309 6.58368 16.5222 7.76696 6.36144 6.19109 7.24233 8.07009 6.11849
threshold=0 70.500000000000014 71.500000000000014 1 2 3 79.500000000000014 4 27.050000000000004 11.500000000000002 202.50000000000003 34.250000000000007 85.500000000000014 53.500000000000007 5 6 46.500000000000007 76.500000000000014 7 169.50000000000003 8 9 26.650000000000002 24.150000000000002 63.500000000000007 36.750000000000007 150.50000000000003 69.500000000000014 63.95000000000001 10
decision_type=1 2 2 9 1 1 2 9 2 2 2 2 2 2 9 1 2 2 9 2 9 9 2 2 2 2 2 2 2 1
left_child=1 5 4 11 16 7 8 -1 9 -4 -11 -3 20 14 29 -16 -2 18 21 -19 -9 -5 23 -7 -25 -13 -6 -28 -29 -8
right_child=2 3 6 17 26 22 13 12 -10 10 -12 25 -14 -15 15 -17 -18 19 -20 -21 -22 -23 -24 24 -26 -27 27 28 -30 -31
leaf_value=-0.057332102533975672 -0.0097011675382674481 0.011398430438041977 0.070607249127320401 0.066509144012125654 -0.039884761714922994 -0.016830055816051778 0.030339606381120911 0.043263635565098449 -0.024592382228701151 -0.011572296811206952 0.096212053765866168 0.13003147448768185 0.0051119416857359733 0.063153607952363272 -0.046658586551819897 -0.00013566086946196137 0.073737506355257679 0.068324514929196958 0.020227757356778862 0.12302669324145206 -0.022014720173646338 0.028361394548604382 -0.015399098503232185 0.01119537856198379 0.10000204545586988 0.017870072444382629 -0.031818452965155425 -0.042321727875577107 0.040741844237047117 0.10954369740236157
leaf_weight=3.1832807287573814 99.060538716614246 40.578554347157478 6.4417258352041236 79.555028729140759 433.32790625095367 14.791297011077406 9.6906717345118523 105.03748855739832 136.23118036985397 171.47988910973072 2.1913853585720053 2.7928053662180892 20.056958116590977 4.7804218381643286 10.330769695341587 175.92815081775188 2.5308510214090338 159.94490828365088 18.051899090409279 7.6915820837020865 3.8933681249618521 14.144771642982958 40.832525126636028 4.3006547912955266 6.2271382212638855 2.518306590616703 40.382934778928757 4.3823701739311209 8.1910639479756338 3.371004380285739
leaf_count=23 874 283 50 433 4877 128 66 661 1338 1654 21 20 134 35 95 1531 19 820 136 39 25 78 375 40 52 20 450 47 88 22
internal_value=-0.000190229 0.0432091 -0.020901 0.0580376 -0.0326547 0.0210236 -0.00801277 0.0330421 -0.0146975 -0.00717607 -0.0101289 0.019496 0.0353539 0.00232576 0.000810883 -0.00262563 -0.00683115 0.0643409 0.0543484 0.070936 0.0408666 0.0608401 -0.0029275 0.0169704 0.0646412 0.0790863 -0.0371329 -0.0214868 0.0112907 0.0294569
internal_weight=1631.92 523.601 1108.32 325.278 587.876 198.323 520.445 132.171 316.344 180.113 173.671 45.8897 128.988 204.101 199.321 186.259 101.591 279.388 111.752 167.636 108.931 93.6998 66.1516 25.3191 10.5278 5.31111 486.284 52.9564 12.5734 13.0617
internal_count=14434 3267 11167 1829 6355 1438 4812 843 3063 1725 1675 323 820 1749 1714 1626 893 1506 647 859 686 511 595 220 92 40 5462 585 135 88
cat_boundaries=0 1 2 3 4 5 6 7 8 9 10 11
cat_threshold=6 4 1 1 8 32 4 1 1 1 1
is_linear=0
shrinkage=0.05


Tree=11
num_leaves=31
num_cat=15
split_feature=56 56 9 32 40 30 24 50 18 32 47 12 10 12 55 10 10 55 22 47 51 10 30 12 12 20 51 47 49 10
split_gain=513.602 66.9956 36.0563 29.8273 14.8314 13.6695 10.3509 9.30015 8.51108 8.01694 7.45625 7.73103 7.33097 7.06139 11.246 10.1843 6.7179 6.53735 5.84034 5.6962 5.68062 5.5375 5.64494 5.42331 5.1702 5.10511 5.64271 4.90314 4.78788 4.67827
threshold=0 1 2 3 4 5 6 7 8 9 52.500000000000007 150.50000000000003 69.500000000000014 153.50000000000003 180.50000000000003 85.500000000000014 75.500000000000014 166.50000000000003 59.45000000000001 3.5000000000000004 10 70.500000000000014 11 131.50000000000003 135.50000000000003 12 13 17.500000000000004 14 70.500000000000014
decision_type=1 1 1 9 9 1 9 1 9 9 2 2 2 2 2 2 2 2 2 2 9 2 1 2 2 9 9 2 9 2
left_child=2 4 3 25 -2 7 10 -6 17 -9 11 18 -13 15 -15 21 24 -8 -3 -18 28 27 -23 -22 -10 29 -27 -4 -7 -1
right_child=1 6 13 -5 5 20 8 9 16 -11 -12 12 -14 14 -16 -17 19 -19 -20 -21 23 22 -24 -25 -26 26 -28 -29 -30 -31
leaf_value=0.06829285058409712 -0.037843050698092996 0.0026595600658960526 0.04863114194430105 -0.037737121201545182 -0.013328611406536113 -0.020234569735971552 -0.017286320829823565 0.024877597891471745 -0.0089873752424656627 -0.026176946276578059 0.04386718523653458 0.061194802081731753 -0.015215078117102911 0.076775220886731485 -0.0065403940623130225 -0.025469390328993424 0.03874389491405314 -0.033846072648703603 -0.032642810486718278 -0.020100908444643413 -0.020851523116266969 -0.0019989873016070677 0.03949890745072198 0.039585114180969591 0.015466524325510983 0.050156766812941081 -0.004449471241005646 -0.0061213587152159389 0.014967728603500872 0.054564006813198833
leaf_weight=108.38938188552856 18.559769935905933 11.764082700014113 4.9236815273761776 8.2295948043465597 21.526653692126274 56.535126768052578 116.16103775799274 129.03830752521753 57.696360878646374 8.0019589066505414 3.3284026011824599 3.3046560510992995 37.975303091108799 12.71844592690468 5.7446001321077338 12.2594141587615 4.1237497329711905 127.31233109533787 425.16550866514444 111.71500112116337 5.489781171083453 9.7052768543362635 45.446601890027523 10.588251411914824 34.42186538875103 15.913371711969376 6.4635033607482919 21.498696930706501 11.402167096734045 175.94907525926828
leaf_count=543 175 122 35 78 165 478 1163 937 566 71 28 33 396 80 45 102 43 1364 4645 1135 46 77 358 87 328 83 35 163 94 911
internal_value=-0.000700782 -0.0175497 0.0457132 0.0554671 0.00488082 0.00838556 -0.0238185 0.0170314 -0.0185958 0.0218431 -0.0291939 -0.0297219 -0.00884417 0.0223553 0.0506874 0.0166793 -0.00946745 -0.0249519 -0.0316805 -0.0179314 -0.00787355 0.0230983 0.0321155 0.0186389 0.00010297 0.0579957 0.0342118 0.00403787 -0.0142396 0.0598372
internal_weight=1621.35 1194.11 427.242 314.945 261.142 242.582 932.968 158.567 451.43 137.04 481.538 478.21 41.28 112.297 18.463 93.8337 207.957 243.473 436.93 115.839 84.0153 81.5743 55.1519 16.078 92.1182 306.715 22.3769 26.4224 67.9373 284.338
internal_count=14386 11876 2510 1650 2053 1878 9823 1173 4599 1008 5224 5196 429 860 125 735 2072 2527 4767 1178 705 633 435 133 894 1572 118 198 572 1454
cat_boundaries=0 1 2 3 4 5 6 7 8 9 10 11 12 13 14 15
cat_threshold=4 3 1 1 4 2 1 4 82 1 1 1 2 1 1
is_linear=0
shrinkage=0.05


Tree=12
num_leaves=31
num_cat=12
split_feature=14 25 12 25 21 8 8 10 21 24 12 12 55 44 24 55 10 8 19 24 55 21 49 55 55 19 22 55 19 48
split_gain=94.8154 33.4008 18.1203 16.4037 14.556 12.909 9.94621 9.74544 7.93132 7.81882 9.81635 8.76504 7.68447 7.54768 7.28058 8.40003 7.04303 6.89083 13.0151 6.74286 6.47527 7.784 6.2769 6.26448 6.23085 5.71643 6.53224 5.63743 5.50592 5.43271
threshold=0 1 145.50000000000003 2 3 24.150000000000002 21.950000000000003 95.500000000000014 4 5 130.50000000000003 119.50000000000001 190.50000000000003 6 7 199.50000000000003 80.500000000000014 26.850000000000005 13.500000000000002 8 146.50000000000003 9 10 210.50000000000003 141.50000000000003 17.500000000000004 64.450000000000017 105.50000000000001 9.5000000000000018 11
decision_type=1 9 2 9 1 2 2 2 1 9 2 2 2 1 9 2 2 2 2 9 2 1 9 2 2 2 2 2 2 9
left_child=3 7 4 12 27 6 -4 14 -5 10 -6 -11 17 23 15 22 -15 25 -19 28 21 -16 -2 -7 -21 26 -1 -3 -10 -22
right_child=1 2 5 8 9 13 -8 -9 19 11 -12 -13 -14 16 20 -17 -18 18 -20 24 29 -23 -24 -25 -26 -27 -28 -29 -30 -31
leaf_value=0.051102479741882104 0.083719083808118877 0.075712249193773784 0.012129748599292582 -0.0072996602293513534 0.070556743986588816 0.0075478945016832395 0.057925746665217596 -0.039780688589072438 0.041750309883386988 -0.015903206295915424 -0.0048476275719252712 -0.00078955914832235939 -0.023351654222316495 0.054033532310660395 0.024296973982579104 0.009871670297576669 0.012099947825334433 0.16578837113981013 0.0073944136951333787 0.0070832754875032357 0.008708212912756216 0.081032783996806579 0.041877776565763192 -0.023810047013723079 -0.020745741156466904 0.048809100998187915 -0.024066728408444132 0.012148358252460304 -0.031749617888892655 0.06573086413499539
leaf_weight=3.9177980273962083 11.138023652136326 3.5027269646525374 20.261978909373283 86.27154840528965 7.8987942487001446 94.340084098279476 29.834410108625889 4.9846279919147483 2.4425020739436141 123.93771909177303 9.1017782837152463 426.99115318059921 9.0531423240900022 19.631962396204472 22.952468745410442 17.750877633690834 21.258960135281086 2.3425183296203604 2.9356267675757408 23.053505629301071 66.353615790605545 8.4146497845649737 56.598194949328899 19.025397107005119 143.18829073756933 8.538793280720709 10.138611517846583 165.8352544605732 187.78407638520002 4.4058479219675055
leaf_count=29 66 25 162 844 64 784 227 39 24 1173 77 3752 86 149 151 125 181 19 25 217 480 46 351 177 1498 66 85 1327 2108 26
internal_value=0.000509127 0.00839333 0.0042834 -0.0181213 0.000669357 0.0175005 0.0395638 0.0268336 -0.0205331 -0.00316013 0.030102 -0.00420089 0.0127419 0.0102819 0.0300798 0.0409109 0.0260758 0.0292403 0.0803972 -0.0242947 0.0209333 0.0398852 0.0489448 0.00204468 -0.0168546 0.0167684 -0.00254941 0.0135366 -0.0307582 0.0124171
internal_weight=1613.88 1134.22 941.62 479.666 737.267 204.353 50.0964 192.598 442.74 567.929 17.0006 550.929 36.9265 154.256 187.614 85.4871 40.8909 27.8733 5.27815 356.468 102.127 31.3671 67.7362 113.365 166.242 22.5952 14.0564 169.338 190.227 70.7595
internal_count=14383 9382 8098 5001 6418 1680 389 1284 4691 5066 141 4925 310 1291 1245 542 330 224 44 3847 703 197 417 961 1715 180 114 1352 2132 506
cat_boundaries=0 1 2 3 4 5 6 7 8 9 10 11 12
cat_threshold=2 48 32 2 2 8 116 4 1 4 4 1
is_linear=0
shrinkage=0.05


Tree=13
num_leaves=31
num_cat=7
split_feature=0 9 25 0 0 32 28 8 40 47 0 19 1 8 55 55 19 47 0 12 55 47 22 55 25 55 47 22 12 22
split_gain=148.817 34.6159 29.8758 22.5295 20.1204 16.0272 13.8936 11.3982 11.0649 10.7087 9.02555 9.6252 8.09104 8.02516 9.45084 7.93486 7.85559 7.51863 7.28374 6.83301 6.71414 5.72349 6.29111 5.61329 5.42565 5.32417 5.2898 5.15276 5.96368 7.61649
threshold=72.500000000000014 0 1 80.500000000000014 63.500000000000007 2 3 26.350000000000005 4 51.500000000000007 89.500000000000014 7.5000000000000009 5 33.050000000000004 216.50000000000003 269.50000000000006 16.500000000000004 46.500000000000007 69.500000000000014 132.50000000000003 162.50000000000003 37.500000000000007 60.250000000000007 287.50000000000006 6 135.50000000000003 17.500000000000004 66.450000000000017 147.50000000000003 67.950000000000017
decision_type=2 1 9 2 2 9 9 2 9 2 2 2 9 2 2 2 2 2 2 2 2 2 2 2 9 2 2 2 2 2
left_child=1 4 5 6 15 12 7 16 10 13 11 -5 -2 14 -6 24 -4 -8 -3 -11 -19 22 -10 -17 -1 -12 -9 -20 29 -29
right_child=2 18 3 8 9 -7 17 26 21 19 25 -13 -14 -15 -16 23 -18 20 27 -21 -22 -23 -24 -25 -26 -27 -28 28 -30 -31
leaf_value=-0.0015060736938099471 -0.014906915849078739 -0.030219795620866047 0.034780152269431881 0.099466337339441463 0.0017050349661644256 -0.037348484787777185 -0.0107694629592427 0.021456937271868953 0.045301064438081441 0.11477090638371915 0.025941655751606049 0.022641729882106602 0.056657815416172035 -0.019027084692258223 0.050394392389361199 0.093850526084510957 0.0090608910366587712 0.074470886464353167 -0.023129460331758514 0.0060140413448502954 -0.0046048978904056435 0.072809560652063177 -0.011096716751848777 -0.011576035433553379 -0.024807273536507666 0.071209501488417246 -0.0020164561759727982 0.041218661840761339 0.03817584122062713 -0.024306536575376781
leaf_weight=43.889253005385399 4.0080129131674767 268.32851225137711 66.985837556421757 4.1303455829620352 267.62179242819548 5.0825034305453292 137.46259596198797 29.8325320109725 5.618317335844039 3.2813519909977904 10.91267626732588 171.86528725922108 77.276245512068272 45.792577914893627 10.268492832779883 2.5159193575382224 54.571555271744728 4.9718311652541143 54.409064620733261 2.7191608399152756 5.4451335296034813 2.5268872529268256 35.908586733043194 2.2590616047382355 137.7463898062706 18.422979921102524 119.82964959740639 5.5106230899691608 8.3195581883192045 20.583141505718231
leaf_count=337 24 3064 519 25 2369 43 1183 252 46 23 69 1254 421 433 86 21 462 35 571 19 45 19 313 20 1379 113 1038 56 82 217
internal_value=-6.99586e-05 -0.0141269 0.0161848 0.0119286 -0.00583106 0.0427004 0.00500896 0.011496 0.0240086 0.00157929 0.0288859 0.0245285 0.0530536 0.000326722 0.00353965 -0.0189575 0.0232919 -0.00714843 -0.0260956 0.0672133 0.0330104 0.00114897 -0.00325586 0.0437329 -0.0206563 0.0546854 0.00264037 -0.0135603 0.00144728 -0.0101732
internal_weight=1628.1 873.245 754.851 668.484 516.094 86.3668 419.099 271.22 249.385 329.683 205.331 175.996 81.2843 323.683 277.89 186.411 121.557 147.88 357.151 6.00051 10.417 44.0538 41.5269 4.77498 181.636 29.3357 149.662 88.8224 34.4133 26.0938
internal_count=14538 8677 5861 5373 4687 488 3534 2271 1839 2930 1461 1279 445 2888 2455 1757 981 1263 3990 42 80 378 359 41 1716 182 1290 926 355 273
cat_boundaries=0 1 2 3 4 5 6 7
cat_threshold=1 32 1 20 2 8 48
is_linear=0
shrinkage=0.05


end of trees

feature_importances:
age=67
weight_lb=35
bmi=32
education_years=27
bp_systolic=26
smoking_years=26
cognitive_status=25
parkinsonism_pd=23
bp_diastolic=20
height_in=13
bowel_incontinence=12
hypertension=12
independence_level=10
hearing_normal_1yes=8
rheumatoid_arthritis=8
obesity_bmi30plus=7
smoking_quit_age=7
cancer_recent=6
sleep_apnea=6
thyroid_disease=5
type_2_diabetes=5
education_level=4
seizures_epilepsy=4
sleep_apnea_clinician=4
stroke=4
urinary_incontinence=4
vision_normal_1yes=4
arthritis_any=3
marital_status=3
alcohol_abuse_history=2
ethnicity_hispanic=2
alcohol_frequency_3mo=1
depression=1
osteoarthritis=1
smoking_ever_100cigs=1
smoking_packs_per_day_category=1
traumatic_brain_injury=1

parameters:
[boosting: gbdt]
[objective: binary]
[metric: average_precision]
[tree_learner: serial]
[device_type: cpu]
[data_sample_strategy: bagging]
[data: ]
[valid: ]
[num_iterations: 500]
[learning_rate: 0.05]
[num_leaves: 31]
[num_threads: 1]
[seed: 42]
[deterministic: 0]
[force_col_wise: 0]
[force_row_wise: 0]
[histogram_pool_size: -1]
[max_depth: 6]
[min_data_in_leaf: 20]
[min_sum_hessian_in_leaf: 0.001]
[bagging_fraction: 0.8]
[pos_bagging_fraction: 1]
[neg_bagging_fraction: 1]
[bagging_freq: 1]
[bagging_seed: 400]
[bagging_by_query: 0]
[feature_fraction: 0.8]
[feature_fraction_bynode: 1]
[feature_fraction_seed: 30056]
[extra_trees: 0]
[extra_seed: 12879]
[early_stopping_round: 0]
[early_stopping_min_delta: 0]
[first_metric_only: 0]
[max_delta_step: 0]
[lambda_l1: 0.1]
[lambda_l2: 0.1]
[linear_lambda: 0]
[min_gain_to_split: 0]
[drop_rate: 0.1]
[max_drop: 50]
[skip_drop: 0.5]
[xgboost_dart_mode: 0]
[uniform_drop: 0]
[drop_seed: 17869]
[top_rate: 0.2]
[other_rate: 0.1]
[min_data_per_group: 100]
[max_cat_threshold: 32]
[cat_l2: 10]
[cat_smooth: 10]
[max_cat_to_onehot: 4]
[top_k: 20]
[monotone_constraints: ]
[monotone_constraints_method: basic]
[monotone_penalty: 0]
[feature_contri: ]
[forcedsplits_filename: ]
[refit_decay_rate: 0.9]
[cegb_tradeoff: 1]
[cegb_penalty_split: 0]
[cegb_penalty_feature_lazy: ]
[cegb_penalty_feature_coupled: ]
[path_smooth: 0]
[interaction_constraints: ]
[verbosity: -1]
[saved_feature_importance_type: 0]
[use_quantized_grad: 0]
[num_grad_quant_bins: 4]
[quant_train_renew_leaf: 0]
[stochastic_rounding: 1]
[linear_tree: 0]
[max_bin: 255]
[max_bin_by_feature: ]
[min_data_in_bin: 3]
[bin_construct_sample_cnt: 200000]
[data_random_seed: 175]
[is_enable_sparse: 1]
[enable_bundle: 1]
[use_missing: 1]
[zero_as_missing: 0]
[feature_pre_filter: 1]
[pre_partition: 0]
[two_round: 0]
[header: 0]
[label_column: ]
[weight_column: ]
[group_column: ]
[ignore_column: ]
[categorical_feature: 1,2,3,4,5,6,7,9,14,15,16,17,18,20,21,23,24,25,26,27,28,29,30,31,32,33,34,35,36,37,38,39,40,41,42,43,44,46,48,49,50,51,52,53,54,56]
[forcedbins_filename: ]
[precise_float_parser: 0]
[parser_config_file: ]
[objective_seed: 16083]
[num_class: 1]
[is_unbalance: 0]
[scale_pos_weight: 1]
[sigmoid: 1]
[boost_from_average: 1]
[reg_sqrt: 0]
[alpha: 0.9]
[fair_c: 1]
[poisson_max_delta_step: 0.7]
[tweedie_variance_power: 1.5]
[lambdarank_truncation_level: 30]
[lambdarank_norm: 1]
[label_gain: ]
[lambdarank_position_bias_regularization: 0]
[eval_at: ]
[multi_error_top_k: 1]
[auc_mu_weights: ]
[num_machines: 1]
[local_listen_port: 12400]
[time_out: 120]
[machine_list_filename: ]
[machines: ]
[gpu_platform_id: -1]
[gpu_device_id: -1]
[gpu_device_id_list: ]
[gpu_use_dp: 0]
[num_gpu: 1]

end of parameters

pandas_categorical:[["Absent", "Missing", "Recent/Active", "Remote/Inactive"], ["Less than once a month", "Missing", "Monthly", "Never", "Not applicable"], ["1-2 drinks", "3-4 drinks", "Missing", "Not applicable"], ["2-3 times a week", "2-4 times a month", "4 or more times a week", "Missing", "Monthly or less", "Never"], ["A few times a week", "About once a month", "About once a week", "Daily or almost daily", "Less than once a month", "Missing", "Not applicable - no alcohol consumption in the last three months"], ["Absent", "Missing", "Recent/Active", "Remote/Inactive"], ["Absent", "Missing", "Recent/Active", "Remote/Inactive"], ["Missing", "No", "Yes"], ["Missing", "No", "Yes"], ["Absent", "Missing", "Recent/Active"], ["Absent", "Missing", "Recent/Active"], ["Missing", "No", "Yes"], ["Bachelor's degree", "Doctorate", "High school or GED", "Less than high school", "Master's degree", "Missing", "Some college"], ["Missing", "No", "Yes"], ["Missing", "No (impaired)", "Yes (normal)"], ["Absent", "Missing", "Recent/Active", "Remote/Inactive"], ["Absent", "Missing", "Recent/Active", "Remote/Inactive"], ["Able to live independently", "Completely dependent", "Missing", "Other or unknown", "Requires assistance-basic activities", "Requires assistance-complex activities"], ["Lives alone", "Lives with group", "Lives with relative or friend", "Lives with spouse or partner", "Missing", "Other"], ["Absent", "Missing", "Recent/Active"], ["Divorced", "Living as married/domestic partner", "Married", "Missing", "Never married", "Other or unknown", "Separated", "Widowed"], ["Absent", "Missing", "Recent/Active", "Remote/Inactive"], ["Missing", "No", "Yes"], ["Missing", "No", "Not applicable (no reported arthritis)", "Yes"], ["Absent", "Missing", "Recent/Active"], ["Absent", "Missing", "Recent/Active"], ["1 hour or less", "2.5 hours or less", "Missing", "More than 2.5 hours"], ["American Indian or Alaska Native", "Asian", "Black or African American", "Missing", "Native Hawaiian or Other Pacific Islander", "Other", "White"], ["Assisted living/adult family home/boarding home", "Missing", "Other or Unknown", "Private residence", "Retirement/independent group living", "Skilled nursing/nursing home/hospital/hospice"], ["Missing", "No", "Not applicable (no reported arthritis)", "Yes"], ["Absent", "Missing", "Recent/Active", "Remote/Inactive"], ["Female", "Male", "Missing"], ["Absent", "Missing", "Recent/Active", "Remote/Inactive"], ["Missing", "No", "Yes"], ["Missing", "No", "Not applicable", "Yes"], ["Missing", "No", "Yes"], ["0.5-<1 pack/day", "1-<1.5 packs/day", "1.5-<2 packs/day", "2+ packs/day", "<0.5 pack/day", "Missing", "Not applicable"], ["Current", "Former", "Missing", "Never"], ["Absent", "Missing", "Recent/Active", "Remote/Inactive"], ["Absent", "Missing", "Recent/Active", "Remote/Inactive"], ["Missing", "No", "Yes"], ["Absent", "Missing", "Recent/Active", "Remote/Inactive"], ["Missing", "No", "Yes"], ["Missing", "No (impaired)", "Yes (normal)"], ["Absent", "Missing", "Recent/Active", "Remote/Inactive"], ["Dementia", "Impaired-not-MCI", "MCI", "Missing", "Normal cognition"]]
